109
141
160
282
285
322
337
346
354
355
371
372
379
454
490
573
580
604
607
635
636
639
668
720
723
747
774
775
798
799
816
820
821
980
989
990
1097
1100
1133
1182
1194
1195
1197
1208
1213
1233
1286
1301
1302
1307
1308
1332
1339
1365
1367
1393
1421
1432
1433
1470
1474
1517
1519
1547
1554
1569
1581
1582
1583
1592
1625
1643
1650
1659
1683
1690
1694
1704
1709
1711
1779
1809
1821
1839
1881
1962
1963
2020
2025
2026
2042
2043
2044
2047
2049
2098
2101
2132
2138
2218
2231
2232
2238
2241
2279
2297
2299
2326
2337
2383
2409
2424
2446
2458
2464
2465
2507
2518
2519
2520
2522
2531
2552
2589
2594
2596
2610
2626
2628
2685
2698
2700
2724
2728
2784
2785
2826
2851
2855
2863
2893
2894
2897
2898
2909
2912
2937
2947
